#    L    TT             EE             BB             TE          
     2   0.101312E+04   0.345968E-01   0.164082E-04   0.283881E+01
     3   0.963273E+03   0.493261E-01   0.172631E-04   0.330428E+01
     4   0.913540E+03   0.481800E-01   0.155348E-04   0.320939E+01
     5   0.876096E+03   0.368069E-01   0.125745E-04   0.283101E+01
     6   0.848542E+03   0.234070E-01   0.947826E-05   0.235836E+01
     7   0.830471E+03   0.132565E-01   0.688350E-05   0.190449E+01
     8   0.820770E+03   0.761833E-02   0.505900E-05   0.152406E+01
     9   0.815585E+03   0.525969E-02   0.400597E-05   0.124013E+01
    10   0.814596E+03   0.440909E-02   0.358868E-05   0.105222E+01
    11   0.815828E+03   0.391991E-02   0.363596E-05   0.946853E+00
    12   0.819581E+03   0.354559E-02   0.399229E-05   0.911625E+00
    13   0.825505E+03   0.305974E-02   0.454855E-05   0.927569E+00
    14   0.833671E+03   0.287067E-02   0.521811E-05   0.973432E+00
    15   0.842716E+03   0.294763E-02   0.595998E-05   0.103393E+01
    16   0.851426E+03   0.314399E-02   0.674860E-05   0.109784E+01
    17   0.860908E+03   0.350889E-02   0.757436E-05   0.116100E+01
    18   0.871710E+03   0.395466E-02   0.843232E-05   0.122307E+01
    19   0.884580E+03   0.449900E-02   0.932007E-05   0.128536E+01
    20   0.897429E+03   0.522477E-02   0.102358E-04   0.134674E+01
    21   0.910460E+03   0.610282E-02   0.111778E-04   0.140923E+01
    22   0.923890E+03   0.715973E-02   0.121442E-04   0.147399E+01
    23   0.937556E+03   0.839764E-02   0.131331E-04   0.154055E+01
    24   0.951566E+03   0.978336E-02   0.141429E-04   0.160779E+01
    25   0.965925E+03   0.113380E-01   0.151722E-04   0.167376E+01
    26   0.980488E+03   0.130553E-01   0.162199E-04   0.173759E+01
    27   0.995434E+03   0.149280E-01   0.172849E-04   0.179652E+01
    28   0.101056E+04   0.169739E-01   0.183660E-04   0.184880E+01
    29   0.102599E+04   0.191955E-01   0.194621E-04   0.189357E+01
    30   0.104169E+04   0.216026E-01   0.205715E-04   0.192911E+01
    31   0.105747E+04   0.242085E-01   0.216928E-04   0.195587E+01
    32   0.107349E+04   0.270175E-01   0.228244E-04   0.197447E+01
    33   0.108979E+04   0.300406E-01   0.239654E-04   0.198438E+01
    34   0.110624E+04   0.332976E-01   0.251146E-04   0.198569E+01
    35   0.112290E+04   0.367869E-01   0.262707E-04   0.197920E+01
    36   0.113979E+04   0.405104E-01   0.274319E-04   0.196464E+01
    37   0.115674E+04   0.444716E-01   0.285968E-04   0.194054E+01
    38   0.117389E+04   0.486802E-01   0.297638E-04   0.190712E+01
    39   0.119129E+04   0.531408E-01   0.309313E-04   0.186380E+01
    40   0.120876E+04   0.578621E-01   0.320979E-04   0.180958E+01
    41   0.122653E+04   0.628567E-01   0.332623E-04   0.174342E+01
    42   0.124434E+04   0.681321E-01   0.344228E-04   0.166491E+01
    43   0.126234E+04   0.736945E-01   0.355780E-04   0.157383E+01
    44   0.128036E+04   0.795352E-01   0.367263E-04   0.147083E+01
    45   0.129873E+04   0.856557E-01   0.378663E-04   0.135665E+01
    46   0.131738E+04   0.920596E-01   0.389964E-04   0.122998E+01
    47   0.133614E+04   0.987435E-01   0.401153E-04   0.109118E+01
    48   0.135497E+04   0.105710E+00   0.412216E-04   0.943715E+00
    49   0.137392E+04   0.112938E+00   0.423138E-04   0.790414E+00
    50   0.139324E+04   0.120400E+00   0.433908E-04   0.627351E+00
    51   0.141269E+04   0.128067E+00   0.444511E-04   0.449390E+00
    52   0.143251E+04   0.136027E+00   0.454936E-04   0.252219E+00
    53   0.145233E+04   0.144432E+00   0.465173E-04   0.335839E-01
    54   0.147205E+04   0.153277E+00   0.475210E-04  -0.200803E+00
    55   0.149191E+04   0.162546E+00   0.485038E-04  -0.445115E+00
    56   0.151212E+04   0.172096E+00   0.494645E-04  -0.699984E+00
    57   0.153262E+04   0.181813E+00   0.504021E-04  -0.965591E+00
    58   0.155341E+04   0.191699E+00   0.513156E-04  -0.124323E+01
    59   0.157434E+04   0.201784E+00   0.522039E-04  -0.153423E+01
    60   0.159543E+04   0.212114E+00   0.530659E-04  -0.183847E+01
    61   0.161697E+04   0.222778E+00   0.539010E-04  -0.215555E+01
    62   0.163839E+04   0.233770E+00   0.547089E-04  -0.248631E+01
    63   0.165993E+04   0.245061E+00   0.554900E-04  -0.283153E+01
    64   0.168190E+04   0.256676E+00   0.562445E-04  -0.319222E+01
    65   0.170396E+04   0.268601E+00   0.569725E-04  -0.356878E+01
    66   0.172640E+04   0.280774E+00   0.576739E-04  -0.395921E+01
    67   0.174905E+04   0.293190E+00   0.583474E-04  -0.436098E+01
    68   0.177214E+04   0.305874E+00   0.589913E-04  -0.477272E+01
    69   0.179541E+04   0.318773E+00   0.596039E-04  -0.519297E+01
    70   0.181895E+04   0.331914E+00   0.601835E-04  -0.562370E+01
    71   0.184259E+04   0.345277E+00   0.607289E-04  -0.606749E+01
    72   0.186636E+04   0.358837E+00   0.612402E-04  -0.652536E+01
    73   0.189023E+04   0.372566E+00   0.617181E-04  -0.699747E+01
    74   0.191424E+04   0.386458E+00   0.621633E-04  -0.748248E+01
    75   0.193853E+04   0.400531E+00   0.625763E-04  -0.797847E+01
    76   0.196305E+04   0.414789E+00   0.629576E-04  -0.848443E+01
    77   0.198786E+04   0.429224E+00   0.633071E-04  -0.900025E+01
    78   0.201301E+04   0.443862E+00   0.636246E-04  -0.952747E+01
    79   0.203833E+04   0.458646E+00   0.639097E-04  -0.100624E+02
    80   0.206394E+04   0.473580E+00   0.641623E-04  -0.106067E+02
    81   0.208973E+04   0.488611E+00   0.643822E-04  -0.111610E+02
    82   0.211580E+04   0.503759E+00   0.645696E-04  -0.117244E+02
    83   0.214206E+04   0.518997E+00   0.647246E-04  -0.122969E+02
    84   0.216861E+04   0.534318E+00   0.648476E-04  -0.128767E+02
    85   0.219528E+04   0.549695E+00   0.649387E-04  -0.134653E+02
    86   0.222218E+04   0.565138E+00   0.649982E-04  -0.140615E+02
    87   0.224951E+04   0.580616E+00   0.650264E-04  -0.146647E+02
    88   0.227684E+04   0.596146E+00   0.650234E-04  -0.152745E+02
    89   0.230454E+04   0.611713E+00   0.649893E-04  -0.158924E+02
    90   0.233247E+04   0.627280E+00   0.649244E-04  -0.165153E+02
    91   0.236055E+04   0.642839E+00   0.648290E-04  -0.171437E+02
    92   0.238892E+04   0.658377E+00   0.647035E-04  -0.177769E+02
    93   0.241760E+04   0.673885E+00   0.645488E-04  -0.184149E+02
    94   0.244635E+04   0.689325E+00   0.643653E-04  -0.190563E+02
    95   0.247541E+04   0.704698E+00   0.641539E-04  -0.197018E+02
    96   0.250446E+04   0.719987E+00   0.639151E-04  -0.203507E+02
    97   0.253397E+04   0.735177E+00   0.636495E-04  -0.210022E+02
    98   0.256369E+04   0.750261E+00   0.633579E-04  -0.216541E+02
    99   0.259350E+04   0.765201E+00   0.630409E-04  -0.223095E+02
   100   0.262360E+04   0.779996E+00   0.626991E-04  -0.229639E+02
   101   0.265385E+04   0.794706E+00   0.623332E-04  -0.236203E+02
   102   0.268463E+04   0.809181E+00   0.619439E-04  -0.242764E+02
   103   0.271532E+04   0.823495E+00   0.615318E-04  -0.249330E+02
   104   0.274625E+04   0.837648E+00   0.610975E-04  -0.255872E+02
   105   0.277732E+04   0.851565E+00   0.606417E-04  -0.262405E+02
   106   0.280861E+04   0.865320E+00   0.601651E-04  -0.268921E+02
   107   0.283983E+04   0.878763E+00   0.596683E-04  -0.275406E+02
   108   0.287143E+04   0.891970E+00   0.591520E-04  -0.281867E+02
   109   0.290317E+04   0.904864E+00   0.586168E-04  -0.288289E+02
   110   0.293498E+04   0.917446E+00   0.580633E-04  -0.294659E+02
   111   0.296694E+04   0.929789E+00   0.574923E-04  -0.300990E+02
   112   0.299905E+04   0.941819E+00   0.569046E-04  -0.307275E+02
   113   0.303138E+04   0.953536E+00   0.563009E-04  -0.313500E+02
   114   0.306378E+04   0.964866E+00   0.556820E-04  -0.319655E+02
   115   0.309641E+04   0.975956E+00   0.550488E-04  -0.325742E+02
   116   0.312904E+04   0.986584E+00   0.544021E-04  -0.331751E+02
   117   0.316197E+04   0.996825E+00   0.537426E-04  -0.337677E+02
   118   0.319504E+04   0.100683E+01   0.530712E-04  -0.343524E+02
   119   0.322812E+04   0.101644E+01   0.523887E-04  -0.349272E+02
   120   0.326135E+04   0.102552E+01   0.516959E-04  -0.354919E+02
   121   0.329457E+04   0.103435E+01   0.509936E-04  -0.360465E+02
   122   0.332788E+04   0.104265E+01   0.502826E-04  -0.365903E+02
   123   0.336126E+04   0.105049E+01   0.495638E-04  -0.371232E+02
   124   0.339471E+04   0.105794E+01   0.488378E-04  -0.376423E+02
   125   0.342817E+04   0.106493E+01   0.481056E-04  -0.381496E+02
   126   0.346171E+04   0.107152E+01   0.473680E-04  -0.386445E+02
   127   0.349525E+04   0.107758E+01   0.466257E-04  -0.391262E+02
   128   0.352879E+04   0.108326E+01   0.458795E-04  -0.395939E+02
   129   0.356241E+04   0.108839E+01   0.451304E-04  -0.400468E+02
   130   0.359604E+04   0.109299E+01   0.443790E-04  -0.404841E+02
   131   0.362967E+04   0.109719E+01   0.436261E-04  -0.409073E+02
   132   0.366337E+04   0.110086E+01   0.428724E-04  -0.413135E+02
   133   0.369701E+04   0.110407E+01   0.421185E-04  -0.417049E+02
   134   0.373065E+04   0.110682E+01   0.413650E-04  -0.420771E+02
   135   0.376429E+04   0.110903E+01   0.406124E-04  -0.424330E+02
   136   0.379779E+04   0.111070E+01   0.398614E-04  -0.427690E+02
   137   0.383129E+04   0.111191E+01   0.391126E-04  -0.430873E+02
   138   0.386472E+04   0.111259E+01   0.383665E-04  -0.433864E+02
   139   0.389793E+04   0.111289E+01   0.376237E-04  -0.436657E+02
   140   0.393122E+04   0.111257E+01   0.368849E-04  -0.439259E+02
   141   0.396428E+04   0.111173E+01   0.361507E-04  -0.441648E+02
   142   0.399735E+04   0.111042E+01   0.354215E-04  -0.443832E+02
   143   0.403035E+04   0.110865E+01   0.346981E-04  -0.445811E+02
   144   0.406313E+04   0.110636E+01   0.339810E-04  -0.447577E+02
   145   0.409576E+04   0.110368E+01   0.332708E-04  -0.449123E+02
   146   0.412847E+04   0.110040E+01   0.325681E-04  -0.450451E+02
   147   0.416081E+04   0.109673E+01   0.318736E-04  -0.451544E+02
   148   0.419300E+04   0.109253E+01   0.311877E-04  -0.452418E+02
   149   0.422512E+04   0.108788E+01   0.305112E-04  -0.453059E+02
   150   0.425695E+04   0.108285E+01   0.298445E-04  -0.453445E+02
   151   0.428863E+04   0.107736E+01   0.291882E-04  -0.453604E+02
   152   0.432001E+04   0.107135E+01   0.285426E-04  -0.453523E+02
   153   0.435124E+04   0.106496E+01   0.279079E-04  -0.453180E+02
   154   0.438225E+04   0.105819E+01   0.272841E-04  -0.452595E+02
   155   0.441303E+04   0.105104E+01   0.266714E-04  -0.451762E+02
   156   0.444344E+04   0.104352E+01   0.260700E-04  -0.450681E+02
   157   0.447376E+04   0.103563E+01   0.254802E-04  -0.449337E+02
   158   0.450378E+04   0.102743E+01   0.249019E-04  -0.447737E+02
   159   0.453349E+04   0.101879E+01   0.243355E-04  -0.445881E+02
   160   0.456298E+04   0.100986E+01   0.237810E-04  -0.443754E+02
   161   0.459222E+04   0.100070E+01   0.232386E-04  -0.441371E+02
   162   0.462116E+04   0.991171E+00   0.227085E-04  -0.438732E+02
   163   0.464993E+04   0.981351E+00   0.221909E-04  -0.435821E+02
   164   0.467824E+04   0.971312E+00   0.216859E-04  -0.432655E+02
   165   0.470639E+04   0.960982E+00   0.211937E-04  -0.429209E+02
   166   0.473422E+04   0.950510E+00   0.207144E-04  -0.425500E+02
   167   0.476181E+04   0.939674E+00   0.202482E-04  -0.421534E+02
   168   0.478893E+04   0.928847E+00   0.197953E-04  -0.417289E+02
   169   0.481574E+04   0.917732E+00   0.193559E-04  -0.412766E+02
   170   0.484222E+04   0.906554E+00   0.189300E-04  -0.407978E+02
   171   0.486823E+04   0.895313E+00   0.185179E-04  -0.402903E+02
   172   0.489385E+04   0.883937E+00   0.181197E-04  -0.397557E+02
   173   0.491899E+04   0.872425E+00   0.177357E-04  -0.391938E+02
   174   0.494381E+04   0.861078E+00   0.173658E-04  -0.386048E+02
   175   0.496822E+04   0.849597E+00   0.170104E-04  -0.379878E+02
   176   0.499209E+04   0.838208E+00   0.166695E-04  -0.373429E+02
   177   0.501555E+04   0.826836E+00   0.163429E-04  -0.366716E+02
   178   0.503853E+04   0.815708E+00   0.160304E-04  -0.359723E+02
   179   0.506104E+04   0.804525E+00   0.157317E-04  -0.352453E+02
   180   0.508323E+04   0.793514E+00   0.154464E-04  -0.344918E+02
   181   0.510487E+04   0.782675E+00   0.151744E-04  -0.337121E+02
   182   0.512603E+04   0.772083E+00   0.149154E-04  -0.329047E+02
   183   0.514665E+04   0.761666E+00   0.146691E-04  -0.320710E+02
   184   0.516688E+04   0.751500E+00   0.144352E-04  -0.312103E+02
   185   0.518663E+04   0.741734E+00   0.142135E-04  -0.303250E+02
   186   0.520554E+04   0.732228E+00   0.140037E-04  -0.294121E+02
   187   0.522429E+04   0.723125E+00   0.138055E-04  -0.284731E+02
   188   0.524249E+04   0.714412E+00   0.136187E-04  -0.275095E+02
   189   0.526007E+04   0.706126E+00   0.134430E-04  -0.265199E+02
   190   0.527749E+04   0.698322E+00   0.132782E-04  -0.255065E+02
   191   0.529399E+04   0.691023E+00   0.131239E-04  -0.244664E+02
   192   0.531011E+04   0.684252E+00   0.129799E-04  -0.234019E+02
   193   0.532561E+04   0.678055E+00   0.128460E-04  -0.223145E+02
   194   0.534073E+04   0.672464E+00   0.127218E-04  -0.212019E+02
   195   0.535523E+04   0.667517E+00   0.126071E-04  -0.200665E+02
   196   0.536913E+04   0.663252E+00   0.125016E-04  -0.189075E+02
   197   0.538256E+04   0.659715E+00   0.124051E-04  -0.177265E+02
   198   0.539546E+04   0.656930E+00   0.123173E-04  -0.165228E+02
   199   0.540783E+04   0.654935E+00   0.122379E-04  -0.152971E+02
   200   0.541967E+04   0.653762E+00   0.121666E-04  -0.140502E+02
   201   0.543090E+04   0.653471E+00   0.121033E-04  -0.127813E+02
   202   0.544159E+04   0.654068E+00   0.120476E-04  -0.114921E+02
   203   0.545169E+04   0.655614E+00   0.119993E-04  -0.101818E+02
   204   0.546110E+04   0.658129E+00   0.119581E-04  -0.885335E+01
   205   0.546999E+04   0.661657E+00   0.119238E-04  -0.750458E+01
   206   0.547820E+04   0.666236E+00   0.118961E-04  -0.613676E+01
   207   0.548588E+04   0.671887E+00   0.118749E-04  -0.475038E+01
   208   0.549280E+04   0.678661E+00   0.118597E-04  -0.334596E+01
   209   0.549913E+04   0.686580E+00   0.118505E-04  -0.192391E+01
   210   0.550485E+04   0.695695E+00   0.118468E-04  -0.485148E+00
   211   0.550997E+04   0.706036E+00   0.118486E-04   0.970255E+00
   212   0.551434E+04   0.717631E+00   0.118554E-04   0.244134E+01
   213   0.551818E+04   0.730526E+00   0.118672E-04   0.392812E+01
   214   0.552135E+04   0.744711E+00   0.118836E-04   0.542937E+01
   215   0.552392E+04   0.760379E+00   0.119043E-04   0.694433E+01
   216   0.552582E+04   0.777344E+00   0.119292E-04   0.847349E+01
   217   0.552719E+04   0.795762E+00   0.119579E-04   0.100148E+02
   218   0.552788E+04   0.815632E+00   0.119903E-04   0.115685E+02
   219   0.552798E+04   0.836953E+00   0.120260E-04   0.131356E+02
   220   0.552748E+04   0.859873E+00   0.120649E-04   0.147114E+02
   221   0.552638E+04   0.884318E+00   0.121066E-04   0.162984E+02
   222   0.552468E+04   0.910435E+00   0.121510E-04   0.178948E+02
   223   0.552224E+04   0.938150E+00   0.121977E-04   0.195015E+02
   224   0.551935E+04   0.967462E+00   0.122465E-04   0.211147E+02
   225   0.551579E+04   0.998519E+00   0.122972E-04   0.227374E+02
   226   0.551164E+04   0.103132E+01   0.123495E-04   0.243658E+02
   227   0.550681E+04   0.106587E+01   0.124031E-04   0.260014E+02
   228   0.550146E+04   0.110215E+01   0.124579E-04   0.276427E+02
   229   0.549552E+04   0.114026E+01   0.125135E-04   0.292882E+02
   230   0.548891E+04   0.118018E+01   0.125697E-04   0.309385E+02
   231   0.548163E+04   0.122199E+01   0.126263E-04   0.325930E+02
   232   0.547384E+04   0.126562E+01   0.126830E-04   0.342501E+02
   233   0.546545E+04   0.131129E+01   0.127396E-04   0.359083E+02
   234   0.545631E+04   0.135884E+01   0.127957E-04   0.375683E+02
   235   0.544666E+04   0.140836E+01   0.128512E-04   0.392287E+02
   236   0.543635E+04   0.145983E+01   0.129059E-04   0.408893E+02
   237   0.542544E+04   0.151335E+01   0.129593E-04   0.425488E+02
   238   0.541394E+04   0.156897E+01   0.130114E-04   0.442070E+02
   239   0.540192E+04   0.162655E+01   0.130618E-04   0.458632E+02
   240   0.538917E+04   0.168617E+01   0.131103E-04   0.475151E+02
   241   0.537597E+04   0.174796E+01   0.131566E-04   0.491636E+02
   242   0.536218E+04   0.181179E+01   0.132006E-04   0.508077E+02
   243   0.534781E+04   0.187780E+01   0.132419E-04   0.524460E+02
   244   0.533285E+04   0.194592E+01   0.132803E-04   0.540793E+02
   245   0.531729E+04   0.201621E+01   0.133155E-04   0.557044E+02
   246   0.530123E+04   0.208869E+01   0.133473E-04   0.573229E+02
   247   0.528465E+04   0.216327E+01   0.133754E-04   0.589326E+02
   248   0.526748E+04   0.224032E+01   0.133997E-04   0.605334E+02
   249   0.524987E+04   0.231933E+01   0.134198E-04   0.621245E+02
   250   0.523168E+04   0.240073E+01   0.134354E-04   0.637045E+02
   251   0.521305E+04   0.248424E+01   0.134465E-04   0.652740E+02
   252   0.519376E+04   0.257007E+01   0.134530E-04   0.668315E+02
   253   0.517418E+04   0.265799E+01   0.134550E-04   0.683757E+02
   254   0.515402E+04   0.274830E+01   0.134527E-04   0.699066E+02
   255   0.513335E+04   0.284070E+01   0.134460E-04   0.714240E+02
   256   0.511224E+04   0.293555E+01   0.134352E-04   0.729281E+02
   257   0.509069E+04   0.303241E+01   0.134203E-04   0.744107E+02
   258   0.506864E+04   0.313165E+01   0.134015E-04   0.758845E+02
   259   0.504615E+04   0.323311E+01   0.133787E-04   0.773345E+02
   260   0.502331E+04   0.333678E+01   0.133522E-04   0.787757E+02
   261   0.499995E+04   0.344260E+01   0.133220E-04   0.801858E+02
   262   0.497609E+04   0.355077E+01   0.132881E-04   0.815871E+02
   263   0.495209E+04   0.366108E+01   0.132508E-04   0.829722E+02
   264   0.492751E+04   0.377359E+01   0.132101E-04   0.843337E+02
   265   0.490243E+04   0.388823E+01   0.131661E-04   0.856641E+02
   266   0.487706E+04   0.400522E+01   0.131188E-04   0.869857E+02
   267   0.485119E+04   0.412417E+01   0.130685E-04   0.882763E+02
   268   0.482496E+04   0.424547E+01   0.130152E-04   0.895508E+02
   269   0.479822E+04   0.436880E+01   0.129589E-04   0.908017E+02
   270   0.477128E+04   0.449424E+01   0.128999E-04   0.920291E+02
   271   0.474391E+04   0.462171E+01   0.128381E-04   0.932330E+02
   272   0.471633E+04   0.475151E+01   0.127737E-04   0.944059E+02
   273   0.468832E+04   0.488303E+01   0.127068E-04   0.955627E+02
   274   0.466004E+04   0.501688E+01   0.126374E-04   0.966811E+02
   275   0.463140E+04   0.515251E+01   0.125658E-04   0.977836E+02
   276   0.460256E+04   0.529016E+01   0.124919E-04   0.988477E+02
   277   0.457328E+04   0.542982E+01   0.124158E-04   0.998957E+02
   278   0.454381E+04   0.557141E+01   0.123378E-04   0.100906E+03
   279   0.451406E+04   0.571485E+01   0.122578E-04   0.101884E+03
   280   0.448403E+04   0.586015E+01   0.121759E-04   0.102847E+03
   281   0.445387E+04   0.600736E+01   0.120923E-04   0.103772E+03
   282   0.442328E+04   0.615620E+01   0.120071E-04   0.104666E+03
   283   0.439257E+04   0.630688E+01   0.119203E-04   0.105529E+03
   284   0.436166E+04   0.645932E+01   0.118321E-04   0.106362E+03
   285   0.433055E+04   0.661351E+01   0.117425E-04   0.107163E+03
   286   0.429916E+04   0.676932E+01   0.116517E-04   0.107927E+03
   287   0.426757E+04   0.692672E+01   0.115597E-04   0.108667E+03
   288   0.423585E+04   0.708573E+01   0.114667E-04   0.109369E+03
   289   0.420394E+04   0.724626E+01   0.113727E-04   0.110040E+03
   290   0.417190E+04   0.740816E+01   0.112778E-04   0.110680E+03
   291   0.413974E+04   0.757216E+01   0.111822E-04   0.111275E+03
   292   0.410715E+04   0.773716E+01   0.110858E-04   0.111847E+03
   293   0.407474E+04   0.790277E+01   0.109890E-04   0.112373E+03
   294   0.404206E+04   0.807049E+01   0.108916E-04   0.112877E+03
   295   0.400948E+04   0.823881E+01   0.107939E-04   0.113334E+03
   296   0.397663E+04   0.840922E+01   0.106958E-04   0.113761E+03
   297   0.394373E+04   0.857949E+01   0.105976E-04   0.114158E+03
   298   0.391063E+04   0.875184E+01   0.104993E-04   0.114509E+03
   299   0.387756E+04   0.892554E+01   0.104011E-04   0.114822E+03
   300   0.384437E+04   0.909908E+01   0.103029E-04   0.115097E+03
   301   0.381114E+04   0.927395E+01   0.102049E-04   0.115341E+03
   302   0.377793E+04   0.944941E+01   0.101072E-04   0.115555E+03
   303   0.374468E+04   0.962619E+01   0.100098E-04   0.115724E+03
   304   0.371138E+04   0.980431E+01   0.991272E-05   0.115847E+03
   305   0.367810E+04   0.998226E+01   0.981603E-05   0.115940E+03
   306   0.364478E+04   0.101608E+02   0.971977E-05   0.115996E+03
   307   0.361149E+04   0.103399E+02   0.962399E-05   0.116006E+03
   308   0.357823E+04   0.105211E+02   0.952873E-05   0.115994E+03
   309   0.354507E+04   0.107013E+02   0.943404E-05   0.115929E+03
   310   0.351186E+04   0.108814E+02   0.933996E-05   0.115834E+03
   311   0.347875E+04   0.110636E+02   0.924654E-05   0.115695E+03
   312   0.344574E+04   0.112448E+02   0.915382E-05   0.115525E+03
   313   0.341276E+04   0.114267E+02   0.906185E-05   0.115311E+03
   314   0.337988E+04   0.116090E+02   0.897068E-05   0.115066E+03
   315   0.334710E+04   0.117905E+02   0.888034E-05   0.114778E+03
   316   0.331443E+04   0.119725E+02   0.879088E-05   0.114452E+03
   317   0.328185E+04   0.121536E+02   0.870235E-05   0.114088E+03
   318   0.324938E+04   0.123361E+02   0.861480E-05   0.113688E+03
   319   0.321707E+04   0.125176E+02   0.852826E-05   0.113251E+03
   320   0.318495E+04   0.126989E+02   0.844279E-05   0.112784E+03
   321   0.315292E+04   0.128807E+02   0.835842E-05   0.112273E+03
   322   0.312107E+04   0.130609E+02   0.827521E-05   0.111725E+03
   323   0.308939E+04   0.132410E+02   0.819320E-05   0.111140E+03
   324   0.305789E+04   0.134215E+02   0.811244E-05   0.110512E+03
   325   0.302663E+04   0.135989E+02   0.803296E-05   0.109861E+03
   326   0.299548E+04   0.137776E+02   0.795481E-05   0.109159E+03
   327   0.296457E+04   0.139554E+02   0.787805E-05   0.108427E+03
   328   0.293391E+04   0.141315E+02   0.780271E-05   0.107667E+03
   329   0.290342E+04   0.143074E+02   0.772884E-05   0.106862E+03
   330   0.287318E+04   0.144816E+02   0.765648E-05   0.106022E+03
   331   0.284327E+04   0.146549E+02   0.758568E-05   0.105152E+03
   332   0.281352E+04   0.148279E+02   0.751649E-05   0.104253E+03
   333   0.278403E+04   0.149993E+02   0.744895E-05   0.103318E+03
   334   0.275485E+04   0.151698E+02   0.738310E-05   0.102347E+03
   335   0.272585E+04   0.153378E+02   0.731899E-05   0.101340E+03
   336   0.269717E+04   0.155048E+02   0.725667E-05   0.100304E+03
   337   0.266881E+04   0.156709E+02   0.719618E-05   0.992246E+02
   338   0.264070E+04   0.158346E+02   0.713756E-05   0.981241E+02
   339   0.261298E+04   0.159981E+02   0.708086E-05   0.969875E+02
   340   0.258551E+04   0.161591E+02   0.702613E-05   0.958300E+02
   341   0.255829E+04   0.163177E+02   0.697341E-05   0.946292E+02
   342   0.253146E+04   0.164761E+02   0.692275E-05   0.934000E+02
   343   0.250495E+04   0.166312E+02   0.687418E-05   0.921425E+02
   344   0.247884E+04   0.167847E+02   0.682777E-05   0.908567E+02
   345   0.245297E+04   0.169358E+02   0.678354E-05   0.895428E+02
   346   0.242750E+04   0.170858E+02   0.674155E-05   0.882081E+02
   347   0.240234E+04   0.172327E+02   0.670184E-05   0.868379E+02
   348   0.237758E+04   0.173772E+02   0.666445E-05   0.854397E+02
   349   0.235314E+04   0.175199E+02   0.662944E-05   0.840135E+02
   350   0.232910E+04   0.176594E+02   0.659685E-05   0.825667E+02
   351   0.230559E+04   0.177972E+02   0.656669E-05   0.810921E+02
   352   0.228226E+04   0.179326E+02   0.653893E-05   0.795897E+02
   353   0.225940E+04   0.180648E+02   0.651348E-05   0.780742E+02
   354   0.223685E+04   0.181945E+02   0.649027E-05   0.765235E+02
   355   0.221476E+04   0.183218E+02   0.646923E-05   0.749525E+02
   356   0.219307E+04   0.184467E+02   0.645028E-05   0.733685E+02
   357   0.217177E+04   0.185684E+02   0.643336E-05   0.717569E+02
   358   0.215093E+04   0.186862E+02   0.641838E-05   0.701323E+02
   359   0.213041E+04   0.188017E+02   0.640528E-05   0.684801E+02
   360   0.211035E+04   0.189147E+02   0.639398E-05   0.668114E+02
   361   0.209067E+04   0.190245E+02   0.638441E-05   0.651217E+02
   362   0.207146E+04   0.191313E+02   0.637650E-05   0.634140E+02
   363   0.205263E+04   0.192357E+02   0.637017E-05   0.616907E+02
   364   0.203427E+04   0.193354E+02   0.636534E-05   0.599479E+02
   365   0.201628E+04   0.194328E+02   0.636195E-05   0.581917E+02
   366   0.199876E+04   0.195270E+02   0.635992E-05   0.564192E+02
   367   0.198170E+04   0.196167E+02   0.635919E-05   0.546325E+02
   368   0.196494E+04   0.197041E+02   0.635966E-05   0.528332E+02
   369   0.194879E+04   0.197883E+02   0.636128E-05   0.510191E+02
   370   0.193302E+04   0.198687E+02   0.636397E-05   0.491955E+02
   371   0.191763E+04   0.199453E+02   0.636765E-05   0.473585E+02
   372   0.190270E+04   0.200188E+02   0.637226E-05   0.455127E+02
   373   0.188822E+04   0.200885E+02   0.637771E-05   0.436552E+02
   374   0.187420E+04   0.201551E+02   0.638394E-05   0.417897E+02
   375   0.186055E+04   0.202180E+02   0.639087E-05   0.399162E+02
   376   0.184743E+04   0.202777E+02   0.639843E-05   0.380347E+02
   377   0.183476E+04   0.203330E+02   0.640655E-05   0.361483E+02
   378   0.182247E+04   0.203845E+02   0.641514E-05   0.342540E+02
   379   0.181063E+04   0.204329E+02   0.642415E-05   0.323562E+02
   380   0.179931E+04   0.204783E+02   0.643349E-05   0.304529E+02
   381   0.178837E+04   0.205170E+02   0.644310E-05   0.285468E+02
   382   0.177780E+04   0.205541E+02   0.645289E-05   0.266389E+02
   383   0.176776E+04   0.205868E+02   0.646280E-05   0.247277E+02
   384   0.175823E+04   0.206150E+02   0.647275E-05   0.228169E+02
   385   0.174901E+04   0.206409E+02   0.648267E-05   0.209050E+02
   386   0.174030E+04   0.206623E+02   0.649249E-05   0.189944E+02
   387   0.173197E+04   0.206793E+02   0.650213E-05   0.170849E+02
   388   0.172408E+04   0.206925E+02   0.651151E-05   0.151782E+02
   389   0.171663E+04   0.206998E+02   0.652058E-05   0.132743E+02
   390   0.170963E+04   0.207064E+02   0.652924E-05   0.113753E+02
   391   0.170307E+04   0.207077E+02   0.653744E-05   0.947994E+01
   392   0.169688E+04   0.207069E+02   0.654509E-05   0.759110E+01
   393   0.169120E+04   0.207009E+02   0.655213E-05   0.570808E+01
   394   0.168589E+04   0.206911E+02   0.655847E-05   0.383315E+01
   395   0.168095E+04   0.206770E+02   0.656405E-05   0.196484E+01
   396   0.167652E+04   0.206592E+02   0.656879E-05   0.106739E+00
   397   0.167238E+04   0.206377E+02   0.657262E-05  -0.174247E+01
   398   0.166876E+04   0.206118E+02   0.657547E-05  -0.358141E+01
   399   0.166549E+04   0.205823E+02   0.657726E-05  -0.540921E+01
   400   0.166259E+04   0.205491E+02   0.657792E-05  -0.722494E+01
   401   0.166013E+04   0.205115E+02   0.657739E-05  -0.902800E+01
   402   0.165810E+04   0.204695E+02   0.657568E-05  -0.108175E+02
   403   0.165644E+04   0.204247E+02   0.657280E-05  -0.125929E+02
   404   0.165513E+04   0.203754E+02   0.656877E-05  -0.143527E+02
   405   0.165426E+04   0.203219E+02   0.656363E-05  -0.160978E+02
   406   0.165368E+04   0.202654E+02   0.655737E-05  -0.178260E+02
   407   0.165353E+04   0.202047E+02   0.655003E-05  -0.195388E+02
   408   0.165374E+04   0.201403E+02   0.654162E-05  -0.212318E+02
   409   0.165438E+04   0.200731E+02   0.653216E-05  -0.229073E+02
   410   0.165530E+04   0.200009E+02   0.652168E-05  -0.245646E+02
   411   0.165666E+04   0.199258E+02   0.651019E-05  -0.262015E+02
   412   0.165830E+04   0.198472E+02   0.649770E-05  -0.278188E+02
   413   0.166030E+04   0.197650E+02   0.648425E-05  -0.294151E+02
   414   0.166258E+04   0.196793E+02   0.646985E-05  -0.309905E+02
   415   0.166528E+04   0.195909E+02   0.645452E-05  -0.325427E+02
   416   0.166827E+04   0.194981E+02   0.643828E-05  -0.340733E+02
   417   0.167154E+04   0.194026E+02   0.642115E-05  -0.355816E+02
   418   0.167517E+04   0.193021E+02   0.640314E-05  -0.370647E+02
   419   0.167915E+04   0.191996E+02   0.638428E-05  -0.385233E+02
   420   0.168341E+04   0.190944E+02   0.636459E-05  -0.399576E+02
   421   0.168802E+04   0.189857E+02   0.634409E-05  -0.413660E+02
   422   0.169291E+04   0.188735E+02   0.632280E-05  -0.427495E+02
   423   0.169800E+04   0.187578E+02   0.630073E-05  -0.441057E+02
   424   0.170337E+04   0.186395E+02   0.627790E-05  -0.454355E+02
   425   0.170909E+04   0.185177E+02   0.625434E-05  -0.467368E+02
   426   0.171509E+04   0.183939E+02   0.623007E-05  -0.480102E+02
   427   0.172129E+04   0.182668E+02   0.620510E-05  -0.492567E+02
   428   0.172777E+04   0.181369E+02   0.617945E-05  -0.504724E+02
   429   0.173445E+04   0.180044E+02   0.615315E-05  -0.516591E+02
   430   0.174147E+04   0.178700E+02   0.612621E-05  -0.528167E+02
   431   0.174870E+04   0.177322E+02   0.609865E-05  -0.539438E+02
   432   0.175605E+04   0.175918E+02   0.607050E-05  -0.550412E+02
   433   0.176375E+04   0.174502E+02   0.604176E-05  -0.561059E+02
   434   0.177157E+04   0.173052E+02   0.601247E-05  -0.571410E+02
   435   0.177959E+04   0.171591E+02   0.598264E-05  -0.581443E+02
   436   0.178789E+04   0.170105E+02   0.595228E-05  -0.591159E+02
   437   0.179638E+04   0.168592E+02   0.592143E-05  -0.600543E+02
   438   0.180499E+04   0.167060E+02   0.589010E-05  -0.609595E+02
   439   0.181387E+04   0.165518E+02   0.585830E-05  -0.618332E+02
   440   0.182288E+04   0.163950E+02   0.582607E-05  -0.626724E+02
   441   0.183208E+04   0.162364E+02   0.579341E-05  -0.634793E+02
   442   0.184132E+04   0.160760E+02   0.576035E-05  -0.642518E+02
   443   0.185084E+04   0.159145E+02   0.572691E-05  -0.649907E+02
   444   0.186048E+04   0.157520E+02   0.569310E-05  -0.656946E+02
   445   0.187023E+04   0.155861E+02   0.565895E-05  -0.663641E+02
   446   0.188003E+04   0.154208E+02   0.562447E-05  -0.669980E+02
   447   0.189002E+04   0.152544E+02   0.558969E-05  -0.675985E+02
   448   0.190006E+04   0.150855E+02   0.555462E-05  -0.681641E+02
   449   0.191028E+04   0.149164E+02   0.551929E-05  -0.686934E+02
   450   0.192063E+04   0.147470E+02   0.548371E-05  -0.691887E+02
   451   0.193101E+04   0.145758E+02   0.544791E-05  -0.696479E+02
   452   0.194144E+04   0.144044E+02   0.541190E-05  -0.700731E+02
   453   0.195206E+04   0.142328E+02   0.537572E-05  -0.704624E+02
   454   0.196265E+04   0.140601E+02   0.533937E-05  -0.708172E+02
   455   0.197328E+04   0.138872E+02   0.530289E-05  -0.711376E+02
   456   0.198411E+04   0.137134E+02   0.526631E-05  -0.714170E+02
   457   0.199483E+04   0.135400E+02   0.522963E-05  -0.716697E+02
   458   0.200567E+04   0.133663E+02   0.519289E-05  -0.718771E+02
   459   0.201655E+04   0.131932E+02   0.515611E-05  -0.720549E+02
   460   0.202747E+04   0.130190E+02   0.511931E-05  -0.721973E+02
   461   0.203837E+04   0.128454E+02   0.508252E-05  -0.723050E+02
   462   0.204931E+04   0.126715E+02   0.504576E-05  -0.723723E+02
   463   0.206023E+04   0.124988E+02   0.500905E-05  -0.724177E+02
   464   0.207111E+04   0.123266E+02   0.497242E-05  -0.724117E+02
   465   0.208197E+04   0.121549E+02   0.493589E-05  -0.723841E+02
   466   0.209287E+04   0.119830E+02   0.489947E-05  -0.723126E+02
   467   0.210382E+04   0.118122E+02   0.486321E-05  -0.722121E+02
   468   0.211467E+04   0.116427E+02   0.482711E-05  -0.720754E+02
   469   0.212549E+04   0.114730E+02   0.479120E-05  -0.719100E+02
   470   0.213635E+04   0.113052E+02   0.475551E-05  -0.717084E+02
   471   0.214697E+04   0.111394E+02   0.472006E-05  -0.714708E+02
   472   0.215771E+04   0.109741E+02   0.468487E-05  -0.712047E+02
   473   0.216835E+04   0.108100E+02   0.464997E-05  -0.709028E+02
   474   0.217896E+04   0.106479E+02   0.461537E-05  -0.705725E+02
   475   0.218955E+04   0.104862E+02   0.458111E-05  -0.702065E+02
   476   0.219996E+04   0.103273E+02   0.454720E-05  -0.698072E+02
   477   0.221027E+04   0.101696E+02   0.451367E-05  -0.693842E+02
   478   0.222056E+04   0.100131E+02   0.448054E-05  -0.689191E+02
   479   0.223075E+04   0.985937E+01   0.444784E-05  -0.684365E+02
   480   0.224084E+04   0.970758E+01   0.441558E-05  -0.679171E+02
   481   0.225083E+04   0.955776E+01   0.438380E-05  -0.673647E+02
   482   0.226079E+04   0.941064E+01   0.435251E-05  -0.667854E+02
   483   0.227051E+04   0.926550E+01   0.432174E-05  -0.661815E+02
   484   0.228006E+04   0.912306E+01   0.429151E-05  -0.655470E+02
   485   0.228966E+04   0.898259E+01   0.426184E-05  -0.648837E+02
   486   0.229909E+04   0.884557E+01   0.423276E-05  -0.641938E+02
   487   0.230834E+04   0.871126E+01   0.420429E-05  -0.634773E+02
   488   0.231743E+04   0.857891E+01   0.417646E-05  -0.627337E+02
   489   0.232642E+04   0.845002E+01   0.414928E-05  -0.619644E+02
   490   0.233531E+04   0.832457E+01   0.412279E-05  -0.611689E+02
   491   0.234388E+04   0.820183E+01   0.409700E-05  -0.603501E+02
   492   0.235243E+04   0.808254E+01   0.407193E-05  -0.595075E+02
   493   0.236082E+04   0.796522E+01   0.404762E-05  -0.586395E+02
   494   0.236903E+04   0.785282E+01   0.402408E-05  -0.577501E+02
   495   0.237700E+04   0.774314E+01   0.400134E-05  -0.568378E+02
   496   0.238480E+04   0.763764E+01   0.397941E-05  -0.559042E+02
   497   0.239243E+04   0.753559E+01   0.395834E-05  -0.549486E+02
   498   0.239989E+04   0.743625E+01   0.393812E-05  -0.539740E+02
   499   0.240726E+04   0.734183E+01   0.391880E-05  -0.529777E+02
   500   0.241439E+04   0.725012E+01   0.390040E-05  -0.519640E+02
   501   0.242120E+04   0.716334E+01   0.388292E-05  -0.509317E+02
   502   0.242799E+04   0.708074E+01   0.386635E-05  -0.498807E+02
   503   0.243446E+04   0.700155E+01   0.385067E-05  -0.488133E+02
   504   0.244070E+04   0.692651E+01   0.383585E-05  -0.477280E+02
   505   0.244692E+04   0.685636E+01   0.382187E-05  -0.466286E+02
   506   0.245275E+04   0.679047E+01   0.380870E-05  -0.455127E+02
   507   0.245850E+04   0.672854E+01   0.379632E-05  -0.443828E+02
   508   0.246393E+04   0.667161E+01   0.378471E-05  -0.432380E+02
   509   0.246920E+04   0.661868E+01   0.377383E-05  -0.420813E+02
   510   0.247416E+04   0.657042E+01   0.376367E-05  -0.409120E+02
   511   0.247903E+04   0.652651E+01   0.375419E-05  -0.397302E+02
   512   0.248360E+04   0.648739E+01   0.374538E-05  -0.385373E+02
   513   0.248800E+04   0.645282E+01   0.373721E-05  -0.373348E+02
   514   0.249217E+04   0.642308E+01   0.372965E-05  -0.361227E+02
   515   0.249611E+04   0.639809E+01   0.372268E-05  -0.349012E+02
   516   0.249982E+04   0.637791E+01   0.371628E-05  -0.336716E+02
   517   0.250322E+04   0.636268E+01   0.371041E-05  -0.324347E+02
   518   0.250647E+04   0.635223E+01   0.370506E-05  -0.311913E+02
   519   0.250956E+04   0.634677E+01   0.370021E-05  -0.299406E+02
   520   0.251235E+04   0.634622E+01   0.369582E-05  -0.286857E+02
   521   0.251483E+04   0.635063E+01   0.369186E-05  -0.274265E+02
   522   0.251709E+04   0.636022E+01   0.368833E-05  -0.261632E+02
   523   0.251919E+04   0.637482E+01   0.368519E-05  -0.248971E+02
   524   0.252107E+04   0.639442E+01   0.368241E-05  -0.236290E+02
   525   0.252257E+04   0.641916E+01   0.367997E-05  -0.223583E+02
   526   0.252393E+04   0.644903E+01   0.367785E-05  -0.210871E+02
   527   0.252520E+04   0.648400E+01   0.367603E-05  -0.198162E+02
   528   0.252611E+04   0.652407E+01   0.367447E-05  -0.185471E+02
   529   0.252679E+04   0.656953E+01   0.367315E-05  -0.172784E+02
   530   0.252718E+04   0.662012E+01   0.367205E-05  -0.160137E+02
   531   0.252756E+04   0.667578E+01   0.367115E-05  -0.147502E+02
   532   0.252751E+04   0.673678E+01   0.367041E-05  -0.134916E+02
   533   0.252723E+04   0.680296E+01   0.366982E-05  -0.122378E+02
   534   0.252674E+04   0.687437E+01   0.366934E-05  -0.109896E+02
   535   0.252602E+04   0.695110E+01   0.366896E-05  -0.974780E+01
   536   0.252509E+04   0.703296E+01   0.366865E-05  -0.851242E+01
   537   0.252401E+04   0.712002E+01   0.366838E-05  -0.728495E+01
   538   0.252257E+04   0.721243E+01   0.366813E-05  -0.606614E+01
   539   0.252099E+04   0.730986E+01   0.366788E-05  -0.485675E+01
   540   0.251919E+04   0.741275E+01   0.366759E-05  -0.365754E+01
   541   0.251710E+04   0.752064E+01   0.366725E-05  -0.246854E+01
   542   0.251487E+04   0.763374E+01   0.366683E-05  -0.129198E+01
   543   0.251236E+04   0.775211E+01   0.366631E-05  -0.127429E+00
   544   0.250971E+04   0.787560E+01   0.366566E-05   0.102412E+01
   545   0.250677E+04   0.800418E+01   0.366485E-05   0.216206E+01
   546   0.250369E+04   0.813762E+01   0.366386E-05   0.328534E+01
   547   0.250033E+04   0.827613E+01   0.366267E-05   0.439365E+01
   548   0.249683E+04   0.841970E+01   0.366125E-05   0.548592E+01
   549   0.249313E+04   0.856832E+01   0.365958E-05   0.656144E+01
   550   0.248921E+04   0.872197E+01   0.365763E-05   0.761962E+01
   551   0.248517E+04   0.888063E+01   0.365539E-05   0.865985E+01
   552   0.248084E+04   0.904430E+01   0.365284E-05   0.968111E+01
   553   0.247637E+04   0.921148E+01   0.364999E-05   0.106833E+02
   554   0.247170E+04   0.938512E+01   0.364684E-05   0.116656E+02
   555   0.246683E+04   0.956298E+01   0.364340E-05   0.126273E+02
   556   0.246175E+04   0.974579E+01   0.363966E-05   0.135684E+02
   557   0.245654E+04   0.993280E+01   0.363564E-05   0.144872E+02
   558   0.245112E+04   0.101255E+02   0.363132E-05   0.153843E+02
   559   0.244550E+04   0.103216E+02   0.362671E-05   0.162591E+02
   560   0.243982E+04   0.105218E+02   0.362182E-05   0.171102E+02
   561   0.243379E+04   0.107269E+02   0.361664E-05   0.179376E+02
   562   0.242778E+04   0.109369E+02   0.361117E-05   0.187408E+02
   563   0.242156E+04   0.111503E+02   0.360543E-05   0.195212E+02
   564   0.241522E+04   0.113693E+02   0.359940E-05   0.202738E+02
   565   0.240868E+04   0.115908E+02   0.359310E-05   0.210024E+02
   566   0.240201E+04   0.118172E+02   0.358652E-05   0.217040E+02
   567   0.239521E+04   0.120469E+02   0.357967E-05   0.223796E+02
   568   0.238828E+04   0.122814E+02   0.357254E-05   0.230276E+02
   569   0.238116E+04   0.125199E+02   0.356514E-05   0.236505E+02
   570   0.237398E+04   0.127616E+02   0.355747E-05   0.242431E+02
   571   0.236660E+04   0.130074E+02   0.354954E-05   0.248077E+02
   572   0.235910E+04   0.132564E+02   0.354134E-05   0.253443E+02
   573   0.235155E+04   0.135087E+02   0.353287E-05   0.258510E+02
   574   0.234387E+04   0.137649E+02   0.352414E-05   0.263291E+02
   575   0.233607E+04   0.140236E+02   0.351516E-05   0.267767E+02
   576   0.232822E+04   0.142863E+02   0.350591E-05   0.271952E+02
   577   0.232017E+04   0.145521E+02   0.349640E-05   0.275832E+02
   578   0.231208E+04   0.148203E+02   0.348665E-05   0.279401E+02
   579   0.230393E+04   0.150924E+02   0.347663E-05   0.282668E+02
   580   0.229574E+04   0.153669E+02   0.346637E-05   0.285610E+02
   581   0.228728E+04   0.156438E+02   0.345585E-05   0.288251E+02
   582   0.227884E+04   0.159238E+02   0.344509E-05   0.290569E+02
   583   0.227036E+04   0.162062E+02   0.343408E-05   0.292559E+02
   584   0.226184E+04   0.164909E+02   0.342283E-05   0.294235E+02
   585   0.225327E+04   0.167780E+02   0.341133E-05   0.295583E+02
   586   0.224457E+04   0.170666E+02   0.339959E-05   0.296605E+02
   587   0.223591E+04   0.173582E+02   0.338761E-05   0.297301E+02
   588   0.222713E+04   0.176514E+02   0.337540E-05   0.297657E+02
   589   0.221831E+04   0.179469E+02   0.336294E-05   0.297689E+02
   590   0.220944E+04   0.182432E+02   0.335026E-05   0.297391E+02
   591   0.220060E+04   0.185424E+02   0.333734E-05   0.296755E+02
   592   0.219172E+04   0.188416E+02   0.332419E-05   0.295775E+02
   593   0.218280E+04   0.191438E+02   0.331081E-05   0.294475E+02
   594   0.217376E+04   0.194468E+02   0.329721E-05   0.292825E+02
   595   0.216476E+04   0.197496E+02   0.328338E-05   0.290849E+02
   596   0.215586E+04   0.200554E+02   0.326932E-05   0.288524E+02
   597   0.214692E+04   0.203597E+02   0.325505E-05   0.285868E+02
   598   0.213816E+04   0.206661E+02   0.324055E-05   0.282873E+02
   599   0.212929E+04   0.209732E+02   0.322584E-05   0.279547E+02
   600   0.212038E+04   0.212809E+02   0.321091E-05   0.275877E+02
   601   0.211151E+04   0.215892E+02   0.319576E-05   0.271870E+02
   602   0.210267E+04   0.218967E+02   0.318042E-05   0.267521E+02
   603   0.209379E+04   0.222055E+02   0.316488E-05   0.262853E+02
   604   0.208509E+04   0.225135E+02   0.314916E-05   0.257845E+02
   605   0.207635E+04   0.228214E+02   0.313328E-05   0.252504E+02
   606   0.206772E+04   0.231292E+02   0.311725E-05   0.246833E+02
   607   0.205890E+04   0.234369E+02   0.310107E-05   0.240832E+02
   608   0.205033E+04   0.237445E+02   0.308476E-05   0.234502E+02
   609   0.204187E+04   0.240505E+02   0.306834E-05   0.227845E+02
   610   0.203337E+04   0.243556E+02   0.305181E-05   0.220861E+02
   611   0.202497E+04   0.246607E+02   0.303518E-05   0.213560E+02
   612   0.201668E+04   0.249657E+02   0.301848E-05   0.205949E+02
   613   0.200835E+04   0.252669E+02   0.300171E-05   0.198007E+02
   614   0.200019E+04   0.255688E+02   0.298488E-05   0.189751E+02
   615   0.199206E+04   0.258684E+02   0.296801E-05   0.181189E+02
   616   0.198404E+04   0.261679E+02   0.295110E-05   0.172321E+02
   617   0.197619E+04   0.264658E+02   0.293417E-05   0.163150E+02
   618   0.196838E+04   0.267622E+02   0.291724E-05   0.153668E+02
   619   0.196059E+04   0.270577E+02   0.290031E-05   0.143907E+02
   620   0.195305E+04   0.273495E+02   0.288340E-05   0.133845E+02
   621   0.194546E+04   0.276405E+02   0.286651E-05   0.123491E+02
   622   0.193805E+04   0.279293E+02   0.284967E-05   0.112845E+02
   623   0.193082E+04   0.282150E+02   0.283288E-05   0.101932E+02
   624   0.192361E+04   0.284984E+02   0.281616E-05   0.907378E+01
   625   0.191650E+04   0.287795E+02   0.279951E-05   0.792628E+01
   626   0.190957E+04   0.290584E+02   0.278295E-05   0.675234E+01
   627   0.190281E+04   0.293342E+02   0.276649E-05   0.555206E+01
   628   0.189614E+04   0.296071E+02   0.275015E-05   0.432554E+01
   629   0.188965E+04   0.298769E+02   0.273393E-05   0.307366E+01
   630   0.188319E+04   0.301438E+02   0.271785E-05   0.179575E+01
   631   0.187690E+04   0.304076E+02   0.270193E-05   0.494919E+00
   632   0.187085E+04   0.306677E+02   0.268616E-05  -0.830967E+00
   633   0.186482E+04   0.309256E+02   0.267057E-05  -0.217957E+01
   634   0.185904E+04   0.311782E+02   0.265517E-05  -0.355077E+01
   635   0.185343E+04   0.314286E+02   0.263996E-05  -0.494411E+01
   636   0.184785E+04   0.316760E+02   0.262497E-05  -0.635879E+01
   637   0.184250E+04   0.319175E+02   0.261020E-05  -0.779530E+01
   638   0.183733E+04   0.321567E+02   0.259566E-05  -0.925139E+01
   639   0.183232E+04   0.323907E+02   0.258137E-05  -0.107279E+02
   640   0.182748E+04   0.326217E+02   0.256735E-05  -0.122231E+02
   641   0.182281E+04   0.328483E+02   0.255359E-05  -0.137370E+02
   642   0.181824E+04   0.330697E+02   0.254012E-05  -0.152687E+02
   643   0.181390E+04   0.332881E+02   0.252695E-05  -0.168175E+02
   644   0.180981E+04   0.334999E+02   0.251408E-05  -0.183827E+02
   645   0.180581E+04   0.337080E+02   0.250153E-05  -0.199639E+02
   646   0.180198E+04   0.339116E+02   0.248932E-05  -0.215603E+02
   647   0.179846E+04   0.341100E+02   0.247746E-05  -0.231717E+02
   648   0.179495E+04   0.343040E+02   0.246595E-05  -0.247959E+02
   649   0.179176E+04   0.344921E+02   0.245481E-05  -0.264337E+02
   650   0.178874E+04   0.346750E+02   0.244405E-05  -0.280835E+02
   651   0.178588E+04   0.348542E+02   0.243368E-05  -0.297451E+02
   652   0.178318E+04   0.350276E+02   0.242369E-05  -0.314178E+02
   653   0.178079E+04   0.351943E+02   0.241409E-05  -0.331001E+02
   654   0.177849E+04   0.353567E+02   0.240484E-05  -0.347913E+02
   655   0.177636E+04   0.355139E+02   0.239596E-05  -0.364919E+02
   656   0.177453E+04   0.356654E+02   0.238742E-05  -0.382007E+02
   657   0.177286E+04   0.358111E+02   0.237923E-05  -0.399160E+02
   658   0.177128E+04   0.359518E+02   0.237136E-05  -0.416385E+02
   659   0.177007E+04   0.360867E+02   0.236381E-05  -0.433669E+02
   660   0.176903E+04   0.362151E+02   0.235658E-05  -0.451002E+02
   661   0.176814E+04   0.363378E+02   0.234964E-05  -0.468371E+02
   662   0.176748E+04   0.364556E+02   0.234300E-05  -0.485790E+02
   663   0.176698E+04   0.365678E+02   0.233665E-05  -0.503244E+02
   664   0.176670E+04   0.366728E+02   0.233057E-05  -0.520710E+02
   665   0.176658E+04   0.367721E+02   0.232475E-05  -0.538196E+02
   666   0.176669E+04   0.368659E+02   0.231919E-05  -0.555687E+02
   667   0.176702E+04   0.369533E+02   0.231388E-05  -0.573183E+02
   668   0.176743E+04   0.370352E+02   0.230881E-05  -0.590675E+02
   669   0.176821E+04   0.371108E+02   0.230397E-05  -0.608150E+02
   670   0.176907E+04   0.371801E+02   0.229935E-05  -0.625591E+02
   671   0.177023E+04   0.372447E+02   0.229493E-05  -0.643014E+02
   672   0.177146E+04   0.373015E+02   0.229072E-05  -0.660404E+02
   673   0.177299E+04   0.373537E+02   0.228671E-05  -0.677739E+02
   674   0.177466E+04   0.373989E+02   0.228287E-05  -0.695025E+02
   675   0.177656E+04   0.374379E+02   0.227921E-05  -0.712254E+02
   676   0.177860E+04   0.374708E+02   0.227572E-05  -0.729406E+02
   677   0.178086E+04   0.374976E+02   0.227238E-05  -0.746486E+02
   678   0.178334E+04   0.375176E+02   0.226919E-05  -0.763488E+02
   679   0.178596E+04   0.375322E+02   0.226614E-05  -0.780396E+02
   680   0.178887E+04   0.375407E+02   0.226321E-05  -0.797210E+02
   681   0.179193E+04   0.375424E+02   0.226041E-05  -0.813907E+02
   682   0.179512E+04   0.375374E+02   0.225771E-05  -0.830503E+02
   683   0.179861E+04   0.375279E+02   0.225512E-05  -0.846990E+02
   684   0.180215E+04   0.375102E+02   0.225262E-05  -0.863345E+02
   685   0.180584E+04   0.374872E+02   0.225020E-05  -0.879569E+02
   686   0.180974E+04   0.374576E+02   0.224786E-05  -0.895571E+02
   687   0.181393E+04   0.374228E+02   0.224558E-05  -0.911463E+02
   688   0.181818E+04   0.373806E+02   0.224335E-05  -0.927224E+02
   689   0.182264E+04   0.373326E+02   0.224118E-05  -0.942778E+02
   690   0.182723E+04   0.372794E+02   0.223904E-05  -0.958199E+02
   691   0.183203E+04   0.372181E+02   0.223692E-05  -0.973413E+02
   692   0.183697E+04   0.371526E+02   0.223483E-05  -0.988420E+02
   693   0.184211E+04   0.370804E+02   0.223275E-05  -0.100329E+03
   694   0.184731E+04   0.370018E+02   0.223066E-05  -0.101789E+03
   695   0.185279E+04   0.369189E+02   0.222857E-05  -0.103227E+03
   696   0.185840E+04   0.368288E+02   0.222647E-05  -0.104660E+03
   697   0.186414E+04   0.367330E+02   0.222433E-05  -0.106057E+03
   698   0.187001E+04   0.366307E+02   0.222216E-05  -0.107433E+03
   699   0.187601E+04   0.365235E+02   0.221994E-05  -0.108781E+03
   700   0.188221E+04   0.364099E+02   0.221767E-05  -0.110108E+03
   701   0.188853E+04   0.362907E+02   0.221534E-05  -0.111414E+03
   702   0.189498E+04   0.361666E+02   0.221294E-05  -0.112685E+03
   703   0.190156E+04   0.360361E+02   0.221048E-05  -0.113950E+03
   704   0.190827E+04   0.359009E+02   0.220795E-05  -0.115172E+03
   705   0.191502E+04   0.357593E+02   0.220535E-05  -0.116366E+03
   706   0.192198E+04   0.356129E+02   0.220268E-05  -0.117540E+03
   707   0.192898E+04   0.354610E+02   0.219994E-05  -0.118686E+03
   708   0.193626E+04   0.353043E+02   0.219713E-05  -0.119790E+03
   709   0.194351E+04   0.351421E+02   0.219424E-05  -0.120882E+03
   710   0.195096E+04   0.349745E+02   0.219128E-05  -0.121939E+03
   711   0.195846E+04   0.348021E+02   0.218824E-05  -0.122961E+03
   712   0.196608E+04   0.346251E+02   0.218513E-05  -0.123964E+03
   713   0.197390E+04   0.344426E+02   0.218193E-05  -0.124925E+03
   714   0.198161E+04   0.342562E+02   0.217865E-05  -0.125859E+03
   715   0.198952E+04   0.340644E+02   0.217530E-05  -0.126766E+03
   716   0.199756E+04   0.338680E+02   0.217185E-05  -0.127639E+03
   717   0.200564E+04   0.336677E+02   0.216833E-05  -0.128471E+03
   718   0.201376E+04   0.334628E+02   0.216471E-05  -0.129284E+03
   719   0.202200E+04   0.332518E+02   0.216101E-05  -0.130049E+03
   720   0.203022E+04   0.330378E+02   0.215723E-05  -0.130795E+03
   721   0.203870E+04   0.328207E+02   0.215335E-05  -0.131492E+03
   722   0.204708E+04   0.325984E+02   0.214938E-05  -0.132156E+03
   723   0.205558E+04   0.323730E+02   0.214531E-05  -0.132794E+03
   724   0.206412E+04   0.321432E+02   0.214116E-05  -0.133400E+03
   725   0.207270E+04   0.319103E+02   0.213690E-05  -0.133964E+03
   726   0.208140E+04   0.316753E+02   0.213255E-05  -0.134489E+03
   727   0.209007E+04   0.314350E+02   0.212811E-05  -0.134988E+03
   728   0.209878E+04   0.311903E+02   0.212356E-05  -0.135447E+03
   729   0.210753E+04   0.309435E+02   0.211891E-05  -0.135873E+03
   730   0.211625E+04   0.306938E+02   0.211416E-05  -0.136260E+03
   731   0.212516E+04   0.304396E+02   0.210931E-05  -0.136607E+03
   732   0.213396E+04   0.301849E+02   0.210435E-05  -0.136914E+03
   733   0.214287E+04   0.299258E+02   0.209929E-05  -0.137196E+03
   734   0.215175E+04   0.296646E+02   0.209412E-05  -0.137424E+03
   735   0.216067E+04   0.293999E+02   0.208884E-05  -0.137635E+03
   736   0.216948E+04   0.291331E+02   0.208345E-05  -0.137792E+03
   737   0.217840E+04   0.288651E+02   0.207795E-05  -0.137925E+03
   738   0.218721E+04   0.285950E+02   0.207233E-05  -0.138004E+03
   739   0.219606E+04   0.283221E+02   0.206660E-05  -0.138052E+03
   740   0.220487E+04   0.280473E+02   0.206076E-05  -0.138068E+03
   741   0.221372E+04   0.277698E+02   0.205480E-05  -0.138045E+03
   742   0.222253E+04   0.274933E+02   0.204872E-05  -0.137977E+03
   743   0.223130E+04   0.272156E+02   0.204252E-05  -0.137877E+03
   744   0.224011E+04   0.269352E+02   0.203620E-05  -0.137732E+03
   745   0.224880E+04   0.266537E+02   0.202976E-05  -0.137564E+03
   746   0.225738E+04   0.263718E+02   0.202320E-05  -0.137335E+03
   747   0.226592E+04   0.260881E+02   0.201651E-05  -0.137083E+03
   748   0.227450E+04   0.258047E+02   0.200969E-05  -0.136793E+03
   749   0.228303E+04   0.255188E+02   0.200275E-05  -0.136473E+03
   750   0.229145E+04   0.252340E+02   0.199568E-05  -0.136108E+03
   751   0.229983E+04   0.249481E+02   0.198848E-05  -0.135705E+03
   752   0.230817E+04   0.246635E+02   0.198115E-05  -0.135257E+03
   753   0.231639E+04   0.243770E+02   0.197371E-05  -0.134780E+03
   754   0.232450E+04   0.240917E+02   0.196615E-05  -0.134258E+03
   755   0.233264E+04   0.238061E+02   0.195849E-05  -0.133706E+03
   756   0.234052E+04   0.235209E+02   0.195072E-05  -0.133118E+03
   757   0.234851E+04   0.232368E+02   0.194286E-05  -0.132485E+03
   758   0.235624E+04   0.229524E+02   0.193491E-05  -0.131816E+03
   759   0.236401E+04   0.226683E+02   0.192688E-05  -0.131117E+03
   760   0.237159E+04   0.223854E+02   0.191877E-05  -0.130383E+03
   761   0.237906E+04   0.221036E+02   0.191059E-05  -0.129612E+03
   762   0.238656E+04   0.218230E+02   0.190234E-05  -0.128804E+03
   763   0.239381E+04   0.215442E+02   0.189403E-05  -0.127961E+03
   764   0.240102E+04   0.212657E+02   0.188567E-05  -0.127090E+03
   765   0.240804E+04   0.209884E+02   0.187726E-05  -0.126175E+03
   766   0.241503E+04   0.207137E+02   0.186881E-05  -0.125232E+03
   767   0.242184E+04   0.204407E+02   0.186032E-05  -0.124254E+03
   768   0.242854E+04   0.201689E+02   0.185180E-05  -0.123232E+03
   769   0.243513E+04   0.198981E+02   0.184326E-05  -0.122191E+03
   770   0.244154E+04   0.196307E+02   0.183469E-05  -0.121114E+03
   771   0.244784E+04   0.193650E+02   0.182611E-05  -0.120003E+03
   772   0.245396E+04   0.191020E+02   0.181753E-05  -0.118849E+03
   773   0.245997E+04   0.188414E+02   0.180894E-05  -0.117675E+03
   774   0.246580E+04   0.185834E+02   0.180036E-05  -0.116474E+03
   775   0.247160E+04   0.183279E+02   0.179179E-05  -0.115238E+03
   776   0.247708E+04   0.180757E+02   0.178323E-05  -0.113976E+03
   777   0.248245E+04   0.178260E+02   0.177470E-05  -0.112680E+03
   778   0.248786E+04   0.175796E+02   0.176619E-05  -0.111349E+03
   779   0.249287E+04   0.173364E+02   0.175772E-05  -0.109999E+03
   780   0.249778E+04   0.170950E+02   0.174928E-05  -0.108616E+03
   781   0.250258E+04   0.168591E+02   0.174090E-05  -0.107213E+03
   782   0.250713E+04   0.166256E+02   0.173256E-05  -0.105792E+03
   783   0.251158E+04   0.163962E+02   0.172428E-05  -0.104330E+03
   784   0.251586E+04   0.161707E+02   0.171606E-05  -0.102842E+03
   785   0.251988E+04   0.159484E+02   0.170791E-05  -0.101336E+03
   786   0.252380E+04   0.157301E+02   0.169983E-05  -0.997821E+02
   787   0.252747E+04   0.155164E+02   0.169184E-05  -0.982173E+02
   788   0.253097E+04   0.153060E+02   0.168393E-05  -0.966346E+02
   789   0.253430E+04   0.150988E+02   0.167611E-05  -0.950340E+02
   790   0.253752E+04   0.148985E+02   0.166840E-05  -0.934010E+02
   791   0.254050E+04   0.147013E+02   0.166078E-05  -0.917429E+02
   792   0.254330E+04   0.145096E+02   0.165327E-05  -0.900748E+02
   793   0.254586E+04   0.143233E+02   0.164588E-05  -0.883745E+02
   794   0.254817E+04   0.141416E+02   0.163861E-05  -0.866645E+02
   795   0.255031E+04   0.139639E+02   0.163147E-05  -0.849300E+02
   796   0.255242E+04   0.137923E+02   0.162446E-05  -0.831860E+02
   797   0.255415E+04   0.136245E+02   0.161759E-05  -0.814178E+02
   798   0.255570E+04   0.134629E+02   0.161086E-05  -0.796403E+02
   799   0.255708E+04   0.133067E+02   0.160429E-05  -0.778462E+02
   800   0.255829E+04   0.131551E+02   0.159787E-05  -0.760358E+02
   801   0.255926E+04   0.130096E+02   0.159161E-05  -0.742165E+02
   802   0.255991E+04   0.128694E+02   0.158551E-05  -0.723660E+02
   803   0.256054E+04   0.127338E+02   0.157957E-05  -0.705216E+02
   804   0.256086E+04   0.126050E+02   0.157377E-05  -0.686534E+02
   805   0.256108E+04   0.124814E+02   0.156813E-05  -0.667765E+02
   806   0.256099E+04   0.123631E+02   0.156264E-05  -0.648908E+02
   807   0.256066E+04   0.122515E+02   0.155729E-05  -0.629963E+02
   808   0.256009E+04   0.121457E+02   0.155208E-05  -0.610856E+02
   809   0.255944E+04   0.120459E+02   0.154700E-05  -0.591735E+02
   810   0.255847E+04   0.119520E+02   0.154207E-05  -0.572453E+02
   811   0.255727E+04   0.118639E+02   0.153726E-05  -0.553092E+02
   812   0.255590E+04   0.117831E+02   0.153258E-05  -0.533695E+02
   813   0.255431E+04   0.117066E+02   0.152803E-05  -0.514255E+02
   814   0.255262E+04   0.116374E+02   0.152360E-05  -0.494752E+02
   815   0.255063E+04   0.115739E+02   0.151929E-05  -0.475206E+02
   816   0.254834E+04   0.115169E+02   0.151510E-05  -0.455618E+02
   817   0.254588E+04   0.114656E+02   0.151101E-05  -0.435995E+02
   818   0.254335E+04   0.114215E+02   0.150704E-05  -0.416346E+02
   819   0.254051E+04   0.113830E+02   0.150318E-05  -0.396677E+02
   820   0.253751E+04   0.113508E+02   0.149942E-05  -0.376990E+02
   821   0.253421E+04   0.113243E+02   0.149576E-05  -0.357312E+02
   822   0.253076E+04   0.113056E+02   0.149220E-05  -0.337631E+02
   823   0.252708E+04   0.112923E+02   0.148873E-05  -0.317954E+02
   824   0.252311E+04   0.112862E+02   0.148536E-05  -0.298287E+02
   825   0.251905E+04   0.112854E+02   0.148207E-05  -0.278654E+02
   826   0.251470E+04   0.112924E+02   0.147888E-05  -0.259048E+02
   827   0.251012E+04   0.113049E+02   0.147576E-05  -0.239490E+02
   828   0.250547E+04   0.113242E+02   0.147272E-05  -0.219973E+02
   829   0.250052E+04   0.113504E+02   0.146976E-05  -0.200513E+02
   830   0.249543E+04   0.113827E+02   0.146687E-05  -0.181131E+02
   831   0.249011E+04   0.114211E+02   0.146406E-05  -0.161814E+02
   832   0.248458E+04   0.114656E+02   0.146131E-05  -0.142575E+02
   833   0.247890E+04   0.115168E+02   0.145862E-05  -0.123424E+02
   834   0.247293E+04   0.115741E+02   0.145600E-05  -0.104359E+02
   835   0.246689E+04   0.116388E+02   0.145343E-05  -0.853955E+01
   836   0.246048E+04   0.117087E+02   0.145092E-05  -0.665342E+01
   837   0.245400E+04   0.117853E+02   0.144847E-05  -0.477898E+01
   838   0.244732E+04   0.118685E+02   0.144606E-05  -0.291624E+01
   839   0.244034E+04   0.119576E+02   0.144369E-05  -0.106521E+01
   840   0.243329E+04   0.120541E+02   0.144137E-05   0.771852E+00
   841   0.242604E+04   0.121556E+02   0.143909E-05   0.259346E+01
   842   0.241857E+04   0.122630E+02   0.143685E-05   0.440256E+01
   843   0.241096E+04   0.123768E+02   0.143464E-05   0.619321E+01
   844   0.240307E+04   0.124972E+02   0.143246E-05   0.796910E+01
   845   0.239512E+04   0.126225E+02   0.143031E-05   0.972725E+01
   846   0.238703E+04   0.127558E+02   0.142819E-05   0.114671E+02
   847   0.237881E+04   0.128933E+02   0.142608E-05   0.131890E+02
   848   0.237038E+04   0.130371E+02   0.142400E-05   0.148909E+02
   849   0.236167E+04   0.131866E+02   0.142192E-05   0.165736E+02
   850   0.235298E+04   0.133424E+02   0.141987E-05   0.182357E+02
   851   0.234401E+04   0.135038E+02   0.141782E-05   0.198768E+02
   852   0.233491E+04   0.136715E+02   0.141578E-05   0.214965E+02
   853   0.232567E+04   0.138440E+02   0.141374E-05   0.230943E+02
   854   0.231624E+04   0.140227E+02   0.141171E-05   0.246687E+02
   855   0.230659E+04   0.142069E+02   0.140969E-05   0.262209E+02
   856   0.229697E+04   0.143951E+02   0.140766E-05   0.277490E+02
   857   0.228707E+04   0.145895E+02   0.140564E-05   0.292525E+02
   858   0.227705E+04   0.147908E+02   0.140362E-05   0.307315E+02
   859   0.226689E+04   0.149946E+02   0.140159E-05   0.321868E+02
   860   0.225669E+04   0.152044E+02   0.139956E-05   0.336155E+02
   861   0.224628E+04   0.154196E+02   0.139752E-05   0.350177E+02
   862   0.223575E+04   0.156395E+02   0.139548E-05   0.363943E+02
   863   0.222509E+04   0.158646E+02   0.139342E-05   0.377431E+02
   864   0.221430E+04   0.160936E+02   0.139136E-05   0.390650E+02
   865   0.220324E+04   0.163278E+02   0.138929E-05   0.403579E+02
   866   0.219243E+04   0.165666E+02   0.138720E-05   0.416226E+02
   867   0.218127E+04   0.168106E+02   0.138510E-05   0.428585E+02
   868   0.217006E+04   0.170583E+02   0.138298E-05   0.440656E+02
   869   0.215873E+04   0.173104E+02   0.138084E-05   0.452433E+02
   870   0.214727E+04   0.175663E+02   0.137869E-05   0.463911E+02
   871   0.213577E+04   0.178266E+02   0.137651E-05   0.475081E+02
   872   0.212414E+04   0.180912E+02   0.137432E-05   0.485954E+02
   873   0.211239E+04   0.183595E+02   0.137210E-05   0.496514E+02
   874   0.210060E+04   0.186321E+02   0.136985E-05   0.506756E+02
   875   0.208868E+04   0.189069E+02   0.136758E-05   0.516696E+02
   876   0.207664E+04   0.191866E+02   0.136528E-05   0.526319E+02
   877   0.206471E+04   0.194692E+02   0.136295E-05   0.535611E+02
   878   0.205251E+04   0.197545E+02   0.136058E-05   0.544582E+02
   879   0.204034E+04   0.200441E+02   0.135819E-05   0.553233E+02
   880   0.202812E+04   0.203364E+02   0.135576E-05   0.561555E+02
   881   0.201579E+04   0.206307E+02   0.135330E-05   0.569537E+02
   882   0.200341E+04   0.209284E+02   0.135080E-05   0.577186E+02
   883   0.199106E+04   0.212296E+02   0.134826E-05   0.584489E+02
   884   0.197852E+04   0.215319E+02   0.134568E-05   0.591469E+02
   885   0.196594E+04   0.218376E+02   0.134306E-05   0.598096E+02
   886   0.195339E+04   0.221458E+02   0.134039E-05   0.604380E+02
   887   0.194072E+04   0.224552E+02   0.133769E-05   0.610322E+02
   888   0.192817E+04   0.227679E+02   0.133493E-05   0.615915E+02
   889   0.191535E+04   0.230809E+02   0.133213E-05   0.621160E+02
   890   0.190263E+04   0.233972E+02   0.132928E-05   0.626043E+02
   891   0.188996E+04   0.237145E+02   0.132638E-05   0.630588E+02
   892   0.187724E+04   0.240328E+02   0.132342E-05   0.634788E+02
   893   0.186441E+04   0.243535E+02   0.132041E-05   0.638630E+02
   894   0.185169E+04   0.246744E+02   0.131735E-05   0.642113E+02
   895   0.183885E+04   0.249963E+02   0.131423E-05   0.645263E+02
   896   0.182606E+04   0.253199E+02   0.131106E-05   0.648049E+02
   897   0.181322E+04   0.256443E+02   0.130782E-05   0.650488E+02
   898   0.180050E+04   0.259689E+02   0.130452E-05   0.652574E+02
   899   0.178774E+04   0.262943E+02   0.130116E-05   0.654299E+02
   900   0.177495E+04   0.266198E+02   0.129774E-05   0.655680E+02
   901   0.176226E+04   0.269453E+02   0.129425E-05   0.656704E+02
   902   0.174955E+04   0.272709E+02   0.129070E-05   0.657378E+02
   903   0.173672E+04   0.275967E+02   0.128708E-05   0.657699E+02
   904   0.172415E+04   0.279217E+02   0.128341E-05   0.657666E+02
   905   0.171147E+04   0.282476E+02   0.127969E-05   0.657282E+02
   906   0.169883E+04   0.285721E+02   0.127591E-05   0.656550E+02
   907   0.168629E+04   0.288960E+02   0.127208E-05   0.655470E+02
   908   0.167387E+04   0.292193E+02   0.126820E-05   0.654051E+02
   909   0.166141E+04   0.295419E+02   0.126428E-05   0.652282E+02
   910   0.164891E+04   0.298647E+02   0.126031E-05   0.650185E+02
   911   0.163652E+04   0.301847E+02   0.125631E-05   0.647740E+02
   912   0.162417E+04   0.305048E+02   0.125227E-05   0.644964E+02
   913   0.161162E+04   0.308229E+02   0.124819E-05   0.641852E+02
   914   0.159949E+04   0.311396E+02   0.124408E-05   0.638419E+02
   915   0.158723E+04   0.314551E+02   0.123994E-05   0.634660E+02
   916   0.157516E+04   0.317685E+02   0.123577E-05   0.630570E+02
   917   0.156305E+04   0.320814E+02   0.123158E-05   0.626173E+02
   918   0.155111E+04   0.323915E+02   0.122736E-05   0.621447E+02
   919   0.153921E+04   0.326996E+02   0.122313E-05   0.616410E+02
   920   0.152735E+04   0.330057E+02   0.121888E-05   0.611056E+02
   921   0.151566E+04   0.333098E+02   0.121461E-05   0.605394E+02
   922   0.150392E+04   0.336111E+02   0.121033E-05   0.599434E+02
   923   0.149230E+04   0.339098E+02   0.120604E-05   0.593177E+02
   924   0.148077E+04   0.342064E+02   0.120174E-05   0.586617E+02
   925   0.146943E+04   0.344997E+02   0.119744E-05   0.579764E+02
   926   0.145804E+04   0.347910E+02   0.119314E-05   0.572635E+02
   927   0.144683E+04   0.350788E+02   0.118884E-05   0.565215E+02
   928   0.143572E+04   0.353640E+02   0.118454E-05   0.557515E+02
   929   0.142464E+04   0.356457E+02   0.118024E-05   0.549551E+02
   930   0.141374E+04   0.359233E+02   0.117596E-05   0.541310E+02
   931   0.140286E+04   0.361990E+02   0.117168E-05   0.532809E+02
   932   0.139216E+04   0.364699E+02   0.116742E-05   0.524049E+02
   933   0.138156E+04   0.367373E+02   0.116318E-05   0.515039E+02
   934   0.137106E+04   0.370021E+02   0.115895E-05   0.505790E+02
   935   0.136066E+04   0.372621E+02   0.115474E-05   0.496279E+02
   936   0.135044E+04   0.375180E+02   0.115056E-05   0.486539E+02
   937   0.134024E+04   0.377705E+02   0.114640E-05   0.476565E+02
   938   0.133022E+04   0.380190E+02   0.114227E-05   0.466364E+02
   939   0.132036E+04   0.382619E+02   0.113817E-05   0.455939E+02
   940   0.131054E+04   0.385015E+02   0.113410E-05   0.445300E+02
   941   0.130088E+04   0.387362E+02   0.113007E-05   0.434448E+02
   942   0.129133E+04   0.389662E+02   0.112608E-05   0.423392E+02
   943   0.128202E+04   0.391915E+02   0.112213E-05   0.412141E+02
   944   0.127280E+04   0.394119E+02   0.111823E-05   0.400690E+02
   945   0.126368E+04   0.396268E+02   0.111437E-05   0.389055E+02
   946   0.125474E+04   0.398378E+02   0.111056E-05   0.377238E+02
   947   0.124589E+04   0.400432E+02   0.110680E-05   0.365256E+02
   948   0.123706E+04   0.402447E+02   0.110309E-05   0.353103E+02
   949   0.122855E+04   0.404392E+02   0.109944E-05   0.340796E+02
   950   0.122013E+04   0.406289E+02   0.109585E-05   0.328329E+02
   951   0.121188E+04   0.408140E+02   0.109232E-05   0.315718E+02
   952   0.120381E+04   0.409936E+02   0.108885E-05   0.302969E+02
   953   0.119582E+04   0.411664E+02   0.108544E-05   0.290074E+02
   954   0.118800E+04   0.413345E+02   0.108208E-05   0.277047E+02
   955   0.118028E+04   0.414964E+02   0.107879E-05   0.263885E+02
   956   0.117272E+04   0.416530E+02   0.107554E-05   0.250588E+02
   957   0.116540E+04   0.418028E+02   0.107236E-05   0.237175E+02
   958   0.115810E+04   0.419466E+02   0.106922E-05   0.223632E+02
   959   0.115112E+04   0.420857E+02   0.106614E-05   0.209970E+02
   960   0.114422E+04   0.422182E+02   0.106311E-05   0.196212E+02
   961   0.113742E+04   0.423446E+02   0.106012E-05   0.182333E+02
   962   0.113085E+04   0.424650E+02   0.105719E-05   0.168355E+02
   963   0.112445E+04   0.425795E+02   0.105430E-05   0.154275E+02
   964   0.111821E+04   0.426873E+02   0.105145E-05   0.140107E+02
   965   0.111206E+04   0.427892E+02   0.104865E-05   0.125843E+02
   966   0.110615E+04   0.428852E+02   0.104590E-05   0.111496E+02
   967   0.110033E+04   0.429753E+02   0.104318E-05   0.970633E+01
   968   0.109467E+04   0.430574E+02   0.104051E-05   0.825523E+01
   969   0.108924E+04   0.431336E+02   0.103787E-05   0.679761E+01
   970   0.108397E+04   0.432039E+02   0.103527E-05   0.533182E+01
   971   0.107880E+04   0.432678E+02   0.103271E-05   0.385996E+01
   972   0.107378E+04   0.433244E+02   0.103019E-05   0.238262E+01
   973   0.106892E+04   0.433744E+02   0.102770E-05   0.898913E+00
   974   0.106429E+04   0.434188E+02   0.102524E-05  -0.590555E+00
   975   0.105983E+04   0.434566E+02   0.102281E-05  -0.208370E+01
   976   0.105552E+04   0.434866E+02   0.102042E-05  -0.358142E+01
   977   0.105137E+04   0.435108E+02   0.101805E-05  -0.508237E+01
   978   0.104731E+04   0.435287E+02   0.101572E-05  -0.658683E+01
   979   0.104355E+04   0.435402E+02   0.101341E-05  -0.809362E+01
   980   0.103987E+04   0.435446E+02   0.101112E-05  -0.960302E+01
   981   0.103635E+04   0.435411E+02   0.100886E-05  -0.111145E+02
   982   0.103299E+04   0.435328E+02   0.100663E-05  -0.126270E+02
   983   0.102985E+04   0.435175E+02   0.100441E-05  -0.141407E+02
   984   0.102680E+04   0.434937E+02   0.100222E-05  -0.156550E+02
   985   0.102398E+04   0.434651E+02   0.100005E-05  -0.171696E+02
   986   0.102124E+04   0.434295E+02   0.997891E-06  -0.186835E+02
   987   0.101865E+04   0.433869E+02   0.995753E-06  -0.201971E+02
   988   0.101629E+04   0.433389E+02   0.993631E-06  -0.217093E+02
   989   0.101408E+04   0.432832E+02   0.991524E-06  -0.232188E+02
   990   0.101203E+04   0.432243E+02   0.989430E-06  -0.247272E+02
   991   0.101013E+04   0.431556E+02   0.987348E-06  -0.262328E+02
   992   0.100838E+04   0.430807E+02   0.985278E-06  -0.277355E+02
   993   0.100671E+04   0.429990E+02   0.983217E-06  -0.292349E+02
   994   0.100526E+04   0.429120E+02   0.981165E-06  -0.307295E+02
   995   0.100404E+04   0.428181E+02   0.979120E-06  -0.322203E+02
   996   0.100290E+04   0.427160E+02   0.977082E-06  -0.337060E+02
   997   0.100190E+04   0.426101E+02   0.975048E-06  -0.351873E+02
   998   0.100106E+04   0.424967E+02   0.973018E-06  -0.366615E+02
   999   0.100036E+04   0.423773E+02   0.970990E-06  -0.381303E+02
  1000   0.999816E+03   0.422520E+02   0.968964E-06  -0.395929E+02
